% # columns="iteration, evaluation, sigma, max axis length,  min axis length, all principle axes lengths  (sorted square roots of eigenvalues of C)", seed=81362, Thu Dec  3 18:37:58 2020
1 6 0.14771816973039634 1.0000250003125026 1.0 1.0 1.0000250003125026
2 12 0.2309728459522235 1.204821252603283 0.873131241733432 0.873131241733432 1.204821252603283
3 18 0.323258267208264 1.2663809380816438 0.9394003265649923 0.9394003265649923 1.2663809380816438
4 24 0.41522686073271003 1.2318180257049616 1.104183043593426 1.104183043593426 1.2318180257049616
5 30 0.5142632770143776 1.4615658214473424 0.8532882823448492 0.8532882823448492 1.4615658214473424
6 36 0.43364777920745173 1.543232796691049 0.812429506474825 0.812429506474825 1.543232796691049
7 42 0.3881554462521435 1.266935310597916 0.7677635787830533 0.7677635787830533 1.266935310597916
8 48 0.3202177207532758 1.096972934850067 0.7286968877349878 0.7286968877349878 1.096972934850067
9 54 0.2818736948472608 0.9521371139393879 0.6614481264197202 0.6614481264197202 0.9521371139393879
10 60 0.22749262012780072 0.8112781648172513 0.6523907838221109 0.6523907838221109 0.8112781648172513
11 66 0.19691126118947744 0.7158140741702894 0.5877710059601613 0.5877710059601613 0.7158140741702894
12 72 0.16698777339473603 0.6660958442765713 0.5252495140571853 0.5252495140571853 0.6660958442765713
13 78 0.13103762485442197 0.6085580696660264 0.47806395281894015 0.47806395281894015 0.6085580696660264
14 84 0.11282915108183694 0.5447629547041732 0.41499592108112304 0.41499592108112304 0.5447629547041732
15 90 0.11720862065030647 0.47580911215385047 0.39178783791359884 0.39178783791359884 0.47580911215385047
16 96 0.08750620776223922 0.45422371864500644 0.38674870895457575 0.38674870895457575 0.45422371864500644
17 102 0.0671561209450006 0.444314285563875 0.3076876528256592 0.3076876528256592 0.444314285563875
18 108 0.05006028864618564 0.3935625178819721 0.2625871501283097 0.2625871501283097 0.3935625178819721
19 114 0.04039533460172339 0.35754755050299963 0.22831644271425378 0.22831644271425378 0.35754755050299963
20 120 0.03663631433881816 0.3019424148797984 0.215419528049066 0.215419528049066 0.3019424148797984
21 126 0.026520599742918458 0.2658808707235004 0.20646572261180698 0.20646572261180698 0.2658808707235004
22 132 0.0235060020022642 0.25283410776187654 0.16825288811012198 0.16825288811012198 0.25283410776187654
23 138 0.017233165210319815 0.24043054755819823 0.1500316878329087 0.1500316878329087 0.24043054755819823
24 144 0.01301784664764143 0.20681908140592245 0.1357747338250882 0.1357747338250882 0.20681908140592245
25 150 0.010117588815570146 0.17318408380598438 0.12391345102281111 0.12391345102281111 0.17318408380598438
26 156 0.007716764551214438 0.1532718471568865 0.10876576995370742 0.10876576995370742 0.1532718471568865
27 162 0.006802029707256278 0.1375838466760025 0.09310401583504868 0.09310401583504868 0.1375838466760025
28 168 0.007250947720694928 0.1244678626739379 0.08726181199384576 0.08726181199384576 0.1244678626739379
29 174 0.006211307320393211 0.11890641532830686 0.08965176973914149 0.08965176973914149 0.11890641532830686
30 180 0.004978094073760902 0.10750072311474153 0.08006823501309153 0.08006823501309153 0.10750072311474153
31 186 0.003954348728280554 0.09565970977248864 0.07176753691509812 0.07176753691509812 0.09565970977248864
32 192 0.002934195294573461 0.08395782819563354 0.06621500836938642 0.06621500836938642 0.08395782819563354
33 198 0.003007633934622963 0.077632533875838 0.055805936080999784 0.055805936080999784 0.077632533875838
34 204 0.002458580730954696 0.07297964615668763 0.05619678992976207 0.05619678992976207 0.07297964615668763
35 210 0.0018751896115203502 0.07283291331868665 0.04509740447816407 0.04509740447816407 0.07283291331868665
36 216 0.0014073382042625207 0.06452241927820801 0.03930324945490223 0.03930324945490223 0.06452241927820801
37 222 0.001083869902712891 0.05633557310729619 0.03507758270608535 0.03507758270608535 0.05633557310729619
38 228 0.0010338629093162967 0.045728412123926955 0.033838740317764834 0.033838740317764834 0.045728412123926955
39 234 0.0007803721941523367 0.04000093495959491 0.034358637978376946 0.034358637978376946 0.04000093495959491
40 240 0.0008035299505773149 0.03450122124018554 0.0311404075866115 0.0311404075866115 0.03450122124018554
41 246 0.0006960073393931375 0.034534761794608064 0.029957814946692623 0.029957814946692623 0.034534761794608064
42 252 0.0005356789605467637 0.03174839622864375 0.02865643666040155 0.02865643666040155 0.03174839622864375
43 258 0.0004448476792783072 0.027714569793001503 0.02573242400771275 0.02573242400771275 0.027714569793001503
44 264 0.0003325433645595246 0.025569197807287787 0.02227945992956707 0.02227945992956707 0.025569197807287787
45 270 0.0002963578093975391 0.02322355561713402 0.018776057086488485 0.018776057086488485 0.02322355561713402
46 276 0.0002123966441920627 0.02104406669501925 0.017961331099962258 0.017961331099962258 0.02104406669501925
47 282 0.00020500394867081214 0.01889727985315149 0.015563711140377058 0.015563711140377058 0.01889727985315149
48 288 0.0001992474911824352 0.016683803909082282 0.015937325160297177 0.015937325160297177 0.016683803909082282
49 294 0.00018111932549994456 0.01797649670100323 0.013925446646311996 0.013925446646311996 0.01797649670100323
50 300 0.00015435632409732666 0.016256655044497397 0.013018194356157623 0.013018194356157623 0.016256655044497397
51 306 0.0001407943168046547 0.016171593863238836 0.012167952325789376 0.012167952325789376 0.016171593863238836
52 312 0.00011665614769141598 0.015615623861137358 0.011316101885931535 0.011316101885931535 0.015615623861137358
53 318 8.870790996478057e-05 0.01392870383292449 0.010470701271539266 0.010470701271539266 0.01392870383292449
54 324 8.026303810775694e-05 0.011509951861364344 0.009681533529377145 0.009681533529377145 0.011509951861364344
55 330 7.741640002672544e-05 0.010079131751476997 0.009749860271615916 0.009749860271615916 0.010079131751476997
56 336 6.19055370389393e-05 0.00988365898297337 0.008740673117018644 0.008740673117018644 0.00988365898297337
57 342 4.43614730608441e-05 0.009722255347236745 0.006953739252471053 0.006953739252471053 0.009722255347236745
58 348 3.903617109712873e-05 0.008085024336753602 0.006351450398722904 0.006351450398722904 0.008085024336753602
59 354 2.7677763911842938e-05 0.00765035645330738 0.00570638525660398 0.00570638525660398 0.00765035645330738
60 360 2.5482703733918986e-05 0.006503548267362944 0.005173415055205357 0.005173415055205357 0.006503548267362944
61 366 2.039281574751987e-05 0.006842943311825493 0.004176421617768998 0.004176421617768998 0.006842943311825493
62 372 1.6586358160131192e-05 0.006139896585644263 0.0037380722587669647 0.0037380722587669647 0.006139896585644263
63 378 1.3638589334913985e-05 0.004872670748897315 0.0037817328407215535 0.0037817328407215535 0.004872670748897315
64 384 1.1206749777444352e-05 0.004725580759265519 0.0031012287930240606 0.0031012287930240606 0.004725580759265519
65 390 9.035217327118164e-06 0.0043399257393857684 0.0027099189204069407 0.0027099189204069407 0.0043399257393857684
66 396 7.829447700609994e-06 0.003630421065188242 0.0025111185196147914 0.0025111185196147914 0.003630421065188242
67 402 5.704035282293616e-06 0.00327627856887216 0.002277444049573973 0.002277444049573973 0.00327627856887216
68 408 6.056242469610908e-06 0.00284430153319679 0.002097351834229108 0.002097351834229108 0.00284430153319679
69 414 4.903842115871636e-06 0.0025198876453389157 0.0023200204040816725 0.0023200204040816725 0.0025198876453389157
70 420 3.931953346558962e-06 0.002456170208892957 0.0018667988543163078 0.0018667988543163078 0.002456170208892957
70 420 3.931953346558962e-06 0.002456170208892957 0.0018667988543163078 0.0018667988543163078 0.002456170208892957
