% # columns="iteration, evaluation, sigma, axis ratio, bestever, best, median, worst objective function value, further objective values of best", seed=81362, Thu Dec  3 18:37:58 2020, <python>{}</python>
1 6 0.14771816973039634 1.0000250003125026 1.421459229721778 1.4214592297217781e+00 1.8679252140434075 2.4776272766085428   
2 12 0.2309728459522235 1.3798856288905035 1.193960324182845 1.1939603241828449e+00 1.6336932973159541 1.994030193674823   
3 18 0.323258267208264 1.3480737682009198 0.500039116320718 5.0003911632071796e-01 1.3256245263991353 1.8640291260690587   
4 24 0.41522686073271003 1.1155922316069657 0.11786105614809368 1.1786105614809368e-01 0.600889071377998 1.3764549989278956   
5 30 0.5142632770143776 1.7128628761090416 0.029853271225273398 2.9853271225273398e-02 1.4070728177355583 5.5620525374537655   
6 36 0.43364777920745173 1.8995282475487856 0.029853271225273398 9.3592160200002467e-02 0.4635372390667325 1.9066548108423986   
7 42 0.3881554462521435 1.6501633388315669 0.029853271225273398 1.0675915272880697e-01 0.2975999762381637 2.71296203150516   
8 48 0.3202177207532758 1.5053898998523152 0.029853271225273398 4.7488213888435445e-02 0.11839229022627637 0.2856369083281693   
9 54 0.2818736948472608 1.4394735972616721 0.016711207185394983 1.6711207185394983e-02 0.20661244593047312 0.8488198175467254   
10 60 0.22749262012780072 1.2435463297998774 0.016711207185394983 1.9079748594338957e-02 0.11001840688505297 0.22697891830793157   
11 66 0.19691126118947744 1.2178451589338974 0.014225702568468605 1.4225702568468605e-02 0.02592459808889716 0.051575291331797675   
12 72 0.16698777339473603 1.2681512813433116 0.0068508177391759136 6.8508177391759136e-03 0.06180048584625467 0.09438990129324684   
13 78 0.13103762485442197 1.2729637239486848 0.0019772129510347834 1.9772129510347834e-03 0.015217374784247124 0.03224100918296948   
14 84 0.11282915108183694 1.3126947206733712 0.0013532748757555065 1.3532748757555065e-03 0.0037395540607642747 0.01738400660839999   
15 90 0.11720862065030647 1.2144560553173191 0.0007842612156177288 7.8426121561772882e-04 0.005220255723449061 0.008357721751609825   
16 96 0.08750620776223922 1.174467317222139 0.0002063754209502546 2.0637542095025460e-04 0.006418418970200684 0.012706575276745968   
17 102 0.0671561209450006 1.4440432740264384 3.0502018470186176e-05 3.0502018470186176e-05 0.0017869963893071502 0.005411717769482471   
18 108 0.05006028864618564 1.4987881839978197 3.0502018470186176e-05 3.0478408864976044e-04 0.0007160270858529039 0.0025724473800873052   
19 114 0.04039533460172339 1.566017524854674 3.0502018470186176e-05 4.0810016592240654e-05 0.00036697947596818096 0.0010902465445670685   
20 120 0.03663631433881816 1.4016482981571898 2.153408113675158e-05 2.1534081136751581e-05 0.0001587227765216652 0.0007464210026005144   
21 126 0.026520599742918458 1.2877724561737771 2.153408113675158e-05 2.3899221827904294e-05 0.0001623207123818656 0.00022485927709466367   
22 132 0.0235060020022642 1.5027029289173088 1.286686912982561e-06 1.2866869129825610e-06 9.71740019820619e-05 0.00013230235523632432   
23 138 0.017233165210319815 1.6025317786597677 1.2455843850688411e-06 1.2455843850688411e-06 2.1334144887623417e-05 0.00016517937227722952   
24 144 0.01301784664764143 1.523251606387659 7.263346219544153e-07 7.2633462195441528e-07 1.6005299507816643e-05 8.616058725990603e-05   
25 150 0.010117588815570146 1.3976213427717632 7.263346219544153e-07 1.5539409368591348e-06 4.2393071524538546e-06 2.9125598792883075e-05   
26 156 0.007716764551214438 1.4091919472654093 7.263346219544153e-07 1.1154496983759967e-06 5.495651771351734e-06 1.3101035965401734e-05   
27 162 0.006802029707256278 1.4777434189279035 1.9177655392021766e-07 1.9177655392021766e-07 2.4168045983217876e-06 5.049732845868866e-06   
28 168 0.007250947720694928 1.4263726575230427 1.9177655392021766e-07 4.7988229839562273e-07 1.1329437899424194e-06 3.5484234272498147e-06   
29 174 0.006211307320393211 1.3263142007601991 2.0113555920471737e-08 2.0113555920471737e-08 3.0882940316694946e-06 3.939570141405436e-06   
30 180 0.004978094073760902 1.3426138729942612 5.989507364754219e-09 5.9895073647542191e-09 1.3412378789729268e-06 1.761910364036886e-06   
31 186 0.003954348728280554 1.3329105872151537 5.989507364754219e-09 7.5668351876045654e-08 5.328729768816207e-07 2.728717139425661e-06   
32 192 0.002934195294573461 1.2679576770158691 5.989507364754219e-09 3.7749032213351764e-08 1.2420349264807563e-07 4.467033256788985e-07   
33 198 0.003007633934622963 1.3911160591080831 5.989507364754219e-09 1.7258687534601366e-08 5.01747672073089e-08 1.5838263283784837e-07   
34 204 0.002458580730954696 1.2986443931744451 5.989507364754219e-09 1.7703932326651446e-08 1.6618385167174926e-07 2.6640714474161216e-07   
35 210 0.0018751896115203502 1.6150134173232067 4.43497136092247e-09 4.4349713609224696e-09 4.65544258191054e-08 8.526518845111067e-08   
36 216 0.0014073382042625207 1.6416561015455742 2.4897946377589886e-09 2.4897946377589886e-09 1.598959728732443e-08 3.6422764261212387e-08   
37 222 0.001083869902712891 1.6060278035499562 5.016489282953656e-10 5.0164892829536564e-10 1.2693257116006485e-08 3.314819055714954e-08   
38 228 0.0010338629093162967 1.3513627190170616 5.016489282953656e-10 8.5398641459837561e-10 6.035169270651953e-09 9.375913709845361e-09   
39 234 0.0007803721941523367 1.1642177138910121 1.5655260400062056e-10 1.5655260400062056e-10 2.694985721714753e-09 7.996282162088443e-09   
40 240 0.0008035299505773149 1.1079245236025421 1.5655260400062056e-10 6.4408402917864706e-10 1.9266646595081354e-09 2.996368702550668e-09   
41 246 0.0006960073393931375 1.1527797289642028 1.5655260400062056e-10 1.6511564858914217e-10 1.3632451486161512e-09 2.7039994402733027e-09   
42 252 0.0005356789605467637 1.1078975591028306 7.281063901476015e-11 7.2810639014760152e-11 2.525030999607034e-09 2.8867993772444833e-09   
43 258 0.0004448476792783072 1.077029112558329 3.452289843215786e-11 3.4522898432157861e-11 2.1122596088020488e-10 7.189711810487121e-10   
44 264 0.0003325433645595246 1.1476578825573283 2.6863103919996435e-11 2.6863103919996435e-11 1.357255784571049e-10 1.7421453397519203e-10   
45 270 0.0002963578093975391 1.236870739695717 1.2276853852625654e-11 1.2276853852625654e-11 1.410040203571767e-10 3.607172650056832e-10   
46 276 0.0002123966441920627 1.171631800443981 7.397157377213005e-12 7.3971573772130051e-12 1.0149521011483441e-10 3.637312371553952e-10   
47 282 0.00020500394867081214 1.2141885494216176 7.397157377213005e-12 2.3357487871728322e-11 7.716337369251842e-11 9.461199628180619e-11   
48 288 0.0001992474911824352 1.0468383961095757 4.100634508877311e-12 4.1006345088773107e-12 2.226023844604065e-11 6.49509591135035e-11   
49 294 0.00018111932549994456 1.2909098830064536 1.808574623332711e-12 1.8085746233327109e-12 1.7097048347097573e-11 4.991379621442961e-11   
50 300 0.00015435632409732666 1.2487641987621716 1.808574623332711e-12 1.7673275671823695e-11 4.9604057411661765e-11 5.4307168729712e-11   
51 306 0.0001407943168046547 1.3290316587585522 1.5907338250069642e-12 1.5907338250069642e-12 1.1136842191078916e-11 2.328519439086814e-11   
52 312 0.00011665614769141598 1.3799472661651357 1.1205889972271708e-12 1.1205889972271708e-12 7.80070122626684e-12 1.079432335921333e-11   
53 318 8.870790996478057e-05 1.3302551062921188 9.719745132998353e-13 9.7197451329983531e-13 2.418844992275629e-12 5.088156386290535e-12   
54 324 8.026303810775694e-05 1.1888562722464515 6.157800070848829e-13 6.1578000708488285e-13 3.854723987963319e-12 1.426616437632751e-11   
55 330 7.741640002672544e-05 1.0337719178211882 6.453929665297468e-14 6.4539296652974675e-14 1.1216063317709047e-12 6.6080559579837785e-12   
56 336 6.19055370389393e-05 1.1307663438104394 6.453929665297468e-14 1.1147600367974121e-13 8.939424310689509e-13 1.525771446137749e-12   
57 342 4.43614730608441e-05 1.3981334350122323 7.24081794139488e-15 7.2408179413948800e-15 3.697328452026788e-13 1.4189630436458352e-12   
58 348 3.903617109712873e-05 1.2729414274225097 7.24081794139488e-15 6.6923204644052471e-14 4.714326607531266e-13 7.532024166816075e-13   
59 354 2.7677763911842938e-05 1.3406659573945956 7.24081794139488e-15 1.0864154672467453e-14 1.8199179350481038e-13 7.010997148025385e-13   
60 360 2.5482703733918986e-05 1.2571093171461742 5.796472601437664e-16 5.7964726014376641e-16 5.500965349436554e-14 1.3125724362418758e-13   
61 366 2.039281574751987e-05 1.6384704271023585 5.796472601437664e-16 9.5074596067223604e-15 6.48435371687389e-14 7.948716269769588e-14   
62 372 1.6586358160131192e-05 1.6425302028991704 5.796472601437664e-16 9.9233956546239913e-15 4.7066076850546604e-14 6.834335718388948e-14   
63 378 1.3638589334913985e-05 1.2884756681986056 5.796472601437664e-16 2.0366364647138353e-15 1.2578435095537454e-14 1.7718101317962767e-14   
64 384 1.1206749777444352e-05 1.523776888017838 4.499790864713611e-16 4.4997908647136111e-16 5.447277141156693e-15 8.436046384976857e-15   
65 390 9.035217327118164e-06 1.6014965269640076 4.499790864713611e-16 4.7538190497020817e-16 5.5665877555479586e-15 8.874478394403527e-15   
66 396 7.829447700609994e-06 1.445738636719207 7.472552545180828e-17 7.4725525451808276e-17 8.06090339901195e-16 3.415846660282144e-15   
67 402 5.704035282293616e-06 1.4385769738163414 7.472552545180828e-17 6.9178069050863360e-16 1.3301729013581875e-15 6.487829678063609e-15   
68 408 6.056242469610908e-06 1.3561394358244272 4.4680597901720584e-17 4.4680597901720584e-17 1.1293954215146082e-15 1.3161130256997755e-15   
69 414 4.903842115871636e-06 1.0861489152878188 4.4680597901720584e-17 7.8940609099403464e-17 6.170470761918208e-16 9.289669931736769e-16   
70 420 3.931953346558962e-06 1.315712297130426 3.608898296094863e-17 3.6088982960948630e-17 4.516466944493789e-16 9.210259919367192e-16   
